00276262
00276329
00276336
00276416
00276511
00276689
00276778
00276790
00276952
00276954
00278880
00278912
00278968
00279169
00279259
00279279
00279284
00279345
00279515
00279598
00279685
00279813
00279867
00279928
00279932
00279984
00280231
00280273
00280319
00280368
00280423
00280464
00280500
00280520
00280614
00280673
00280753
00280853
00280862
00280950
00280977
00281070
00281074
00281075
00281317
00281385
00281411
00282625
00282631
00282712
00282784
00282992
00283074
00283155
00283270
00283429
00283608
00283780
00284006
00284154
00284213
00284285
00284420
00284427
00284484
