++++++ Data 15 dsids ++++++
00276262
00276329
00276336
00276416
00276511
00276689
00276778
00276790
00276952
00276954
00278880
00278912
00278968
00279169
00279259
00279279
00279284
00279345
00279515
00279598
00279685
00279813
00279867
00279928
00279932
00279984
00280231
00280273
00280319
00280368
00280423
00280464
00280500
00280520
00280614
00280673
00280753
00280853
00280862
00280950
00280977
00281070
00281074
00281075
00281317
00281385
00281411
00282625
00282631
00282712
00282784
00282992
00283074
00283155
00283270
00283429
00283608
00283780
00284006
00284154
00284213
00284285
00284420
00284427
00284484

++++++ Data 16 ++++++
00297730
00298595
00298609
00298633
00298687
00298690
00298771
00298773
00298862
00298967
00299055
00299144
00299147
00299184
00299243
00299584
00300279
00300345
00300415
00300418
00300487
00300540
00300571
00300600
00300655
00300687
00300784
00300800
00300863
00300908
00301912
00301918
00301932
00301973
00302053
00302137
00302265
00302269
00302300
00302347
00302380
00302391
00302393
00302737
00302831
00302872
00302919
00302925
00302956
00303007
00303079
00303201
00303208
00303264
00303266
00303291
00303304
00303338
00303421
00303499
00303560
00303638
00303832
00303846
00303892
00303943
00304006
00304008
00304128
00304178
00304198
00304211
00304243
00304308
00304337
00304409
00304431
00304494
00305380
00305543
00305571
00305618
00305671
00305674
00305723
00305727
00305735
00305777
00305811
00305920
00306269
00306278
00306310
00306384
00306419
00306442
00306448
00306451
00307126
00307195
00307259
00307306
00307354
00307358
00307394
00307454
00307514
00307539
00307569
00307601
00307619
00307656
00307710
00307716
00307732
00307861
00307935
00308047
00308084
00309375
00309390
00309440
00309516
00309640
00309674
00309759
00310015
00310247
00310249
00310341
00310370
00310405
00310468
00310473
00310634
00310691
00310738
00310809
00310863
00310872
00310969
00311071
00311170
00311244
00311287
00311321
00311365
00311402
00311473
00311481
