++++++ Data 15 dsids ++++++
276262
280520
276329
280614
276336
280673
276416
280753
276511
280853
276689
280862
276778
280950
276790
280977
276952
281070
276954
281074
278880
281075
278912
281317
278968
281385
279169
281411
279259
282625
279279
282631
279284
282712
279345
282784
279515
282992
279598
283074
279685
283155
279813
283270
283429
279928
283608
279932
283780
279984
284006
280231
284154
280273
284213
280319
284285
280368
284420
280423
284427
284484
280500

280464

++++++ Data 16 dsids ++++++++++
297730
298595
298609
298633
298687
298690
298771
298773
298862
298967
299055
299144
299147
299184
299243
299584
300279
300345
300415
300418
300487
300540
300571
300600
300655
300687
300784
300800
300863
300908
301912
301918
301932
301973
302053
302137
302265
302269
302300
302347
302380
302391
302393
302737
302831
302872
302919
302925
302956
303007
303079
303201
303208
303264
303266
303291
303304
303338
303421
303499
303560
303638
303832
303846
303892
303943
304006
304008
304128
304178
304198
304211
304243
304308
304337
304409
304431
304494
305380
305543
305571
305618
305671
305674
305723
305727
305735
305777
305811
305920
306269
306278
306310
306384
306384
306419
306419
306442
306442
306448
306448
306451
307126
307195
307259
307306
307354
307358
307394
307454
307514
307539
307569
307601
307619
307656
307710
307716
307732
307861
307935
308047
308084
309390
309440
309516
309640
309674
309759
310015
310247
310249
310341
310370
310405
310468
310473
310634
310691
310738
310863
310872
311071
311170
311287
311321
311365
311402
311473
